
====================================================================================
ITEM 57 — REAL-BAR REPLAY HARNESS  [run: ARM_B_SHORTS_OFF]
====================================================================================
  sandbox engine generated: scripts/__sandbox_item57__/signalEngine.replay.ts (9358 lines)
  tape end pinned at: 2026-08-15T06:55:30.000Z (--tape-end)
  real M1 bars loaded: 13831
  window: 2026-08-02T22:00:00.000Z -> 2026-08-14T20:56:00.000Z
  price range: $4019.10 .. $4449.72
  (contrast: runSignalSimulation.ts base price 3034.5 — off by ~$1,200)
  engine loaded, injection hook present.
  sampling: warmup 300 bars, step 25 bars
  settings: PRODUCTION defaults from contexts/TradingContext.tsx:43-56
    {"tp1Pips":49,"tp2Pips":74,"tp3Pips":98,"slPips":70,"numberOfTPs":3,"minConfidence":0.68,"enableNotifications":true,"enableTelegramNotifier":true,"basePositionSize":0.01,"maxRiskPercentage":2,"useKellyCriterion":true,"useDynamicSL":false,"maxSLPips":90,"allowShortSignals":false}
  settings overrides applied: allowShortSignals=false

====================================================================================
REPLAY RESULT (real bars)
====================================================================================
  generation attempts : 542
  signals emitted     : 4  (0.7%)
  EXCEPTIONS          : 0 of 542 evaluations
  TIER0_UNAVAILABLE   : 0 of 542 evaluations

  REJECTION REASONS (template-aggregated, top 25):
      271   50.0%  Status: NEUTRAL / STAND DOWN
      270   49.8%  ❌ REJECTED: Winning strength <N> below conviction threshold <N>
      230   42.4%  ❌ REJECTED: Confidence <N>% below threshold <N>% (EV <N>R)
       47    8.7%  ❌ REJECTED: UTC hour <N> is a blocked window (measured negative expectancy across the audited sample)
       37    6.8%  ❌ REJECTED: Counter-trend drift veto — BUY fights a $<N> adverse impulse (>= <N> = <N> x ATR <N>)
       26    4.8%  ❌ REJECTED: Quality Gate — Low participation (volume ratio <N> < <N>)
       24    4.4%  ❌ REJECTED: Quality Gate — Nearest zone @ <N> has confluence <N> (< <N>)
       18    3.3%  ❌ REJECTED: Counter-trend signal at mid-range RSI requires <N>-min candle OR OB/QM/Sweep confirmation
       15    2.8%  ❌ REJECTED: Quality Gate — ATR too low (<N> pips) — insufficient volatility for target chase
        8    1.5%  ❌ REJECTED: Counter-trend drift veto — SELL fights a $<N> adverse impulse (>= <N> = <N> x ATR <N>)
        8    1.5%  ❌ REJECTED: Structural Validation Failed
        7    1.3%  ❌ REJECTED: Macro event suppression (CPI Data Release)
        5    0.9%  ❌ BASELINE OPPOSING-STRUCTURE VETO: BUY REJECTED: within <N> of a real RESISTANCE zone @ <N> (reaction <N>%, <N> touches
        5    0.9%  BUY REJECTED: within <N> of a real RESISTANCE zone @ <N> (reaction <N>%, <N> touches) with no confirmed favorable reacti
        5    0.9%  ❌ REJECTED: noise floor unreachable — a <N> x ATR stop needs <N> pips but maxSLPips is <N> (ATR <N>)
        4    0.7%  🛡️ EXCEPTION BLOCKED: Large movement/trend change detected BUT structural conditions not met
        3    0.6%  ❌ REJECTED: Quality Gate — RANGING regime with no confirmed S/R reaction
        3    0.6%  ❌ REJECTED: Macro event suppression (Non-Farm Payrolls (NFP))
        3    0.6%  ❌ BASELINE OPPOSING-STRUCTURE VETO: SELL REJECTED: within <N> of a real SUPPORT zone @ <N> (reaction <N>%, <N> touches) 
        3    0.6%  SELL REJECTED: within <N> of a real SUPPORT zone @ <N> (reaction <N>%, <N> touches) with no confirmed favorable reaction
        3    0.6%  ❌ REJECTED: Daily market-close break (<N>:<N>-<N>:<N> UTC+<N> / <N>:<N>-<N>:<N> UTC). No signals during this hour. Curre
        1    0.2%  ❌ REJECTED: Quality Gate — SELL blocked at RSI <N> outside a trending regime
        1    0.2%  ❌ REJECTED: Quality Gate — BUY blocked at RSI <N> outside a trending regime
        1    0.2%  ❌ REJECTED: Strength difference <N> too small (regime RANGING min: <N>)

  WINNING-STRENGTH DISTRIBUTION (every value at the conviction gate):
    n                    : 539
    conviction min OBSERVED FROM THE ENGINE: 0.55
    min / max            : 0.0000 / 1.1550
    mean                 : 0.5748
    q 5                  : 0.2000
    q10                  : 0.3000
    q25                  : 0.4485
    q50                  : 0.5430
    q75                  : 0.7640
    q90                  : 0.9164
    q95                  : 0.9850
    q99                  : 1.0584
    PASS RATE at 0.55: 269/539 = 49.9%
  WS_VECTOR_BEGIN 0.0000,0.0000,0.0700,0.0700,0.0700,0.0700,0.0700,0.0700,0.0800,0.0800,0.0800,0.1200,0.1200,0.1200,0.1200,0.1200,0.1200,0.1200,0.1800,0.1800,0.2000,0.2000,0.2000,0.2000,0.2000,0.2000,0.2000,0.2000,0.2000,0.2000,0.2000,0.2200,0.2300,0.2300,0.2300,0.2500,0.2500,0.2500,0.2500,0.2500,0.2500,0.2600,0.2700,0.2700,0.2700,0.2700,0.2800,0.3000,0.3000,0.3000,0.3000,0.3000,0.3000,0.3000,0.3000,0.3000,0.3000,0.3000,0.3000,0.3000,0.3000,0.3000,0.3000,0.3000,0.3000,0.3000,0.3000,0.3000,0.3000,0.3000,0.3000,0.3000,0.3000,0.3000,0.3000,0.3000,0.3000,0.3000,0.3000,0.3000,0.3000,0.3000,0.3000,0.3000,0.3100,0.3100,0.3170,0.3200,0.3200,0.3300,0.3300,0.3300,0.3300,0.3580,0.3760,0.3790,0.3800,0.3800,0.3800,0.3800,0.3800,0.3800,0.3800,0.3800,0.3800,0.3800,0.3800,0.3800,0.3800,0.3800,0.3800,0.3800,0.3800,0.3800,0.3850,0.3850,0.3970,0.4000,0.4100,0.4100,0.4100,0.4100,0.4100,0.4100,0.4200,0.4200,0.4200,0.4230,0.4300,0.4350,0.4370,0.4370,0.4390,0.4450,0.4480,0.4490,0.4500,0.4500,0.4500,0.4500,0.4500,0.4500,0.4500,0.4500,0.4500,0.4500,0.4500,0.4500,0.4500,0.4500,0.4500,0.4500,0.4500,0.4500,0.4500,0.4500,0.4500,0.4500,0.4500,0.4500,0.4500,0.4500,0.4500,0.4500,0.4500,0.4500,0.4500,0.4500,0.4500,0.4500,0.4550,0.4550,0.4560,0.4600,0.4600,0.4600,0.4600,0.4600,0.4600,0.4600,0.4600,0.4600,0.4600,0.4600,0.4600,0.4600,0.4600,0.4600,0.4600,0.4600,0.4600,0.4600,0.4600,0.4600,0.4600,0.4600,0.4600,0.4600,0.4600,0.4600,0.4600,0.4600,0.4600,0.4600,0.4600,0.4600,0.4600,0.4600,0.4600,0.4600,0.4600,0.4600,0.4610,0.4620,0.4660,0.4690,0.4700,0.4700,0.4700,0.4700,0.4700,0.4710,0.4800,0.4800,0.4800,0.4800,0.4800,0.4800,0.4800,0.4800,0.4870,0.4960,0.5000,0.5000,0.5000,0.5000,0.5000,0.5000,0.5020,0.5090,0.5100,0.5170,0.5190,0.5220,0.5230,0.5250,0.5270,0.5300,0.5300,0.5300,0.5300,0.5300,0.5300,0.5300,0.5300,0.5300,0.5300,0.5300,0.5300,0.5300,0.5300,0.5300,0.5300,0.5300,0.5300,0.5350,0.5350,0.5350,0.5420,0.5430,0.5500,0.5500,0.5500,0.5500,0.5500,0.5500,0.5500,0.5500,0.5500,0.5500,0.5500,0.5500,0.5500,0.5500,0.5500,0.5500,0.5500,0.5500,0.5500,0.5500,0.5500,0.5500,0.5500,0.5510,0.5550,0.5550,0.5600,0.5600,0.5600,0.5600,0.5600,0.5600,0.5700,0.5700,0.5700,0.5700,0.5700,0.5750,0.5800,0.5800,0.5800,0.5800,0.5800,0.5800,0.5800,0.5800,0.5800,0.5800,0.5800,0.5800,0.5800,0.5800,0.5800,0.5800,0.5840,0.5860,0.5890,0.5910,0.5920,0.5960,0.6050,0.6050,0.6050,0.6060,0.6110,0.6150,0.6300,0.6300,0.6300,0.6300,0.6300,0.6300,0.6300,0.6300,0.6300,0.6300,0.6300,0.6300,0.6300,0.6300,0.6400,0.6400,0.6410,0.6500,0.6500,0.6500,0.6500,0.6500,0.6540,0.6550,0.6550,0.6550,0.6550,0.6600,0.6600,0.6640,0.6750,0.6750,0.6800,0.6800,0.6800,0.6800,0.6850,0.6850,0.6890,0.7000,0.7010,0.7050,0.7050,0.7250,0.7250,0.7250,0.7300,0.7360,0.7420,0.7460,0.7500,0.7500,0.7510,0.7540,0.7540,0.7550,0.7550,0.7550,0.7550,0.7550,0.7560,0.7570,0.7580,0.7600,0.7600,0.7600,0.7600,0.7610,0.7670,0.7710,0.7720,0.7770,0.7790,0.7810,0.7850,0.7850,0.7900,0.7900,0.7910,0.7920,0.7950,0.8010,0.8100,0.8110,0.8250,0.8260,0.8260,0.8300,0.8300,0.8300,0.8300,0.8300,0.8300,0.8300,0.8310,0.8340,0.8350,0.8350,0.8350,0.8350,0.8350,0.8400,0.8400,0.8400,0.8400,0.8400,0.8400,0.8400,0.8400,0.8400,0.8400,0.8400,0.8400,0.8420,0.8470,0.8480,0.8500,0.8500,0.8500,0.8500,0.8600,0.8650,0.8670,0.8750,0.8810,0.8910,0.9000,0.9050,0.9050,0.9050,0.9050,0.9050,0.9050,0.9100,0.9100,0.9100,0.9100,0.9100,0.9100,0.9140,0.9150,0.9150,0.9150,0.9150,0.9150,0.9150,0.9150,0.9150,0.9150,0.9220,0.9250,0.9250,0.9250,0.9300,0.9300,0.9300,0.9300,0.9300,0.9300,0.9300,0.9300,0.9300,0.9380,0.9390,0.9500,0.9500,0.9500,0.9500,0.9500,0.9500,0.9550,0.9550,0.9550,0.9550,0.9850,0.9850,0.9850,0.9850,0.9850,0.9850,0.9850,0.9850,0.9850,1.0050,1.0050,1.0050,1.0050,1.0050,1.0050,1.0070,1.0150,1.0150,1.0300,1.0300,1.0350,1.0350,1.0410,1.0690,1.0820,1.0850,1.0850,1.1050,1.1550 WS_VECTOR_END
  WS_UNSORTED_BEGIN 0.3000,0.4500,0.2500,0.4800,0.4500,0.2200,0.4500,0.2500,0.5500,0.2000,0.3000,0.4500,0.2000,0.3000,0.3000,0.1200,0.4500,0.3800,0.3800,0.5500,0.4600,0.2500,0.4700,0.5430,0.7610,0.3000,0.5700,0.4600,0.5800,0.3300,0.2800,0.3000,0.2000,0.5960,0.1800,0.3760,0.5500,0.2500,0.8260,0.6500,0.3000,0.7560,0.8670,0.7670,0.4560,0.4490,0.0700,0.5190,0.4690,0.7790,0.7250,1.0050,0.8650,1.0350,1.1550,1.0300,0.7600,0.7540,0.8300,0.9300,0.9850,0.8350,0.5350,0.5600,1.0050,0.6850,0.9550,0.8350,0.8350,1.0050,0.7550,0.6600,0.6400,0.8400,0.6050,0.9050,1.0050,0.9050,0.4800,0.5800,0.3300,0.4500,0.4500,0.4100,0.5800,0.2000,0.2600,0.5800,0.5800,0.3000,0.4600,0.5500,0.8250,0.5500,0.3800,0.5000,0.3800,0.8400,0.6600,0.5000,0.7950,0.9000,0.9100,0.6300,0.6060,0.8480,0.7920,0.4500,0.3000,0.3000,0.3000,0.4200,0.5800,0.2300,0.4500,0.4600,0.7810,0.3000,0.3000,0.3000,0.4600,0.4370,0.0800,0.5230,0.5170,0.3170,0.4700,0.4500,0.3800,0.3800,0.8260,0.3000,0.3000,0.3000,0.4600,0.4100,0.5600,0.3000,0.4200,0.5700,0.3000,0.4600,0.1200,0.3100,0.1200,0.0800,0.5300,0.6300,0.5300,0.4600,0.1200,0.5700,0.4500,0.8300,0.3800,0.2000,0.5500,0.5890,0.3000,0.4600,0.4500,0.4500,0.4600,0.5800,0.4600,0.4960,0.4700,0.5300,0.5300,0.9300,0.8400,0.5600,0.3000,0.3790,0.9300,0.6500,0.5860,0.4350,0.7460,0.5300,0.5500,0.6300,0.5300,0.3000,0.5500,0.4500,0.9500,1.0300,1.0150,0.7600,0.4500,0.5510,1.0070,0.7720,0.7770,0.7550,0.9050,0.5500,0.4500,0.4600,0.2500,0.5000,0.7500,0.2300,0.4000,0.9300,0.3850,0.5300,0.4500,0.4500,0.4550,0.5350,0.8300,0.9250,0.5100,0.8500,0.7900,0.7850,0.9300,1.1050,0.6300,0.6050,0.8600,0.9850,0.9150,0.8400,0.4600,0.8400,0.6800,0.5700,0.3000,0.4620,0.5420,0.4610,0.5920,0.5300,0.4600,0.5500,0.4600,0.4660,0.4800,0.4600,0.4600,0.3000,0.3000,0.5300,0.5600,0.4100,0.3100,0.1200,0.3800,0.2000,0.0700,0.8500,0.6300,0.3800,0.3800,0.5550,0.0000,0.4230,0.4700,0.5300,0.2700,0.2700,0.2300,0.3580,0.4600,0.7850,0.6150,0.4450,0.9250,0.6500,0.5000,0.5300,0.4600,0.3300,0.7570,0.5270,0.0700,0.7300,0.6300,0.4800,1.0410,1.0690,0.6400,0.3000,0.4600,0.4600,0.5800,0.5750,0.8300,0.9500,0.9250,0.9500,0.7600,0.8350,0.9150,1.0350,0.8400,0.9150,0.5800,0.6550,1.0850,0.6750,0.9850,0.9300,0.9850,0.3000,0.7580,0.4600,0.4600,0.4600,0.9550,0.3000,0.3800,0.3000,0.4200,0.4600,0.5800,0.4600,0.8110,0.3000,0.7360,0.5600,0.3000,0.2000,0.4100,0.4800,0.2000,0.5300,0.4100,0.4500,0.2700,0.1200,0.7500,0.5500,0.6500,0.3000,0.5300,0.3000,0.5000,0.5000,0.8400,0.4600,0.1200,0.4500,0.4500,0.5700,0.3800,0.5500,0.3000,0.6500,0.4550,0.4500,0.5800,0.4600,0.6300,0.6550,0.4500,0.4870,0.5250,0.5500,0.8810,0.3800,0.0700,0.2700,0.5500,0.6640,0.9850,0.4600,0.5220,0.3850,0.2000,0.4600,0.6800,0.5500,0.6850,0.0700,0.4600,0.5800,0.5500,0.9850,0.6750,0.6550,0.7540,0.5020,0.6110,0.4600,0.2500,0.9220,0.4500,0.4600,0.8500,0.9850,0.9150,0.3000,0.8300,1.0850,0.9050,0.8400,0.5300,1.0050,0.9150,0.9380,0.4600,0.0700,0.4500,0.5350,1.0050,0.8100,0.7910,1.0820,0.7710,0.5500,0.8470,0.3970,0.2000,0.0000,0.2000,0.9300,0.9100,0.8400,0.8400,0.7550,0.9050,0.9300,0.6550,0.5300,0.9050,0.9500,0.7550,0.9150,0.7550,0.9500,0.3000,0.4370,0.4800,0.6540,0.5800,0.9500,0.9850,0.4600,0.4600,0.4800,0.5500,0.4600,0.5090,0.4480,0.5500,0.5300,0.5300,0.5800,0.3800,0.6300,0.5300,0.9150,0.6300,0.7050,0.7000,0.8300,0.8300,0.7420,0.5500,0.9850,0.6300,0.7250,0.6300,0.9100,0.7900,0.8500,0.6800,0.9100,0.7050,0.6300,0.9100,0.5500,0.8010,0.4500,0.4710,0.6300,0.6410,0.5600,0.8910,0.9390,0.5550,0.8340,0.1800,0.4500,0.8750,0.7010,0.4500,0.4500,0.4500,0.4600,0.3800,0.4600,0.4100,0.4500,0.3200,0.4500,0.4300,0.5500,0.6890,0.4700,0.8350,0.9100,0.3800,0.8310,0.5910,0.7510,0.4800,0.8400,0.9140,0.9150,0.5840,0.4390,0.8420,0.6800,0.3000,0.9150,0.5800,0.5500,0.8400,0.6300,0.3200,0.0800,1.0150,0.5800,0.7250,0.4500,0.4500,0.9300,0.7600,0.3800,0.9550,0.3300,0.3800,0.9550,0.6050 WS_UNSORTED_END
  SD_VECTOR_BEGIN 0.0000,0.0000,0.0000,0.0020,0.0100,0.0100,0.0100,0.0100,0.0150,0.0180,0.0200,0.0200,0.0200,0.0200,0.0240,0.0300,0.0300,0.0350,0.0400,0.0400,0.0400,0.0400,0.0400,0.0400,0.0500,0.0550,0.0570,0.0600,0.0690,0.0700,0.0700,0.0700,0.0700,0.0750,0.0800,0.0800,0.0800,0.0800,0.0800,0.0860,0.0950,0.1000,0.1000,0.1000,0.1000,0.1000,0.1000,0.1000,0.1100,0.1100,0.1100,0.1200,0.1200,0.1200,0.1200,0.1230,0.1290,0.1300,0.1300,0.1300,0.1360,0.1370,0.1400,0.1400,0.1420,0.1420,0.1500,0.1500,0.1500,0.1500,0.1500,0.1600,0.1600,0.1600,0.1600,0.1600,0.1600,0.1610,0.1700,0.1700,0.1700,0.1800,0.1800,0.1800,0.1900,0.1900,0.1900,0.1900,0.1950,0.1970,0.2000,0.2000,0.2000,0.2000,0.2000,0.2000,0.2000,0.2000,0.2000,0.2000,0.2000,0.2000,0.2000,0.2000,0.2000,0.2000,0.2000,0.2000,0.2000,0.2000,0.2000,0.2010,0.2100,0.2100,0.2100,0.2180,0.2190,0.2200,0.2200,0.2200,0.2200,0.2200,0.2200,0.2210,0.2250,0.2300,0.2300,0.2300,0.2300,0.2300,0.2310,0.2400,0.2400,0.2400,0.2400,0.2400,0.2400,0.2500,0.2500,0.2500,0.2500,0.2500,0.2500,0.2500,0.2500,0.2500,0.2560,0.2600,0.2600,0.2600,0.2600,0.2600,0.2600,0.2650,0.2700,0.2700,0.2700,0.2700,0.2700,0.2700,0.2700,0.2700,0.2700,0.2780,0.2800,0.2800,0.2900,0.2900,0.2900,0.2900,0.2900,0.2900,0.2900,0.2900,0.2950,0.3000,0.3000,0.3000,0.3000,0.3000,0.3000,0.3000,0.3000,0.3000,0.3100,0.3110,0.3200,0.3200,0.3240,0.3290,0.3300,0.3300,0.3300,0.3300,0.3300,0.3300,0.3300,0.3300,0.3310,0.3400,0.3400,0.3400,0.3400,0.3400,0.3400,0.3400,0.3470,0.3500,0.3500,0.3500,0.3500,0.3500,0.3500,0.3550,0.3560,0.3580,0.3600,0.3600,0.3600,0.3600,0.3600,0.3650,0.3690,0.3790,0.3800,0.3800,0.3800,0.3800,0.3800,0.3800,0.3800,0.3800,0.3800,0.3800,0.3800,0.3800,0.3800,0.3800,0.3800,0.3800,0.3900,0.3900,0.3900,0.3900,0.3900,0.3900,0.3950,0.3970,0.3970,0.4000,0.4010,0.4020,0.4030,0.4100,0.4100,0.4100,0.4150,0.4160,0.4200,0.4220,0.4230,0.4300,0.4300,0.4300,0.4300,0.4300,0.4350,0.4350,0.4390,0.4500,0.4500,0.4500,0.4500,0.4500,0.4500,0.4500,0.4500,0.4500,0.4500,0.4500,0.4500,0.4500,0.4500,0.4500,0.4500,0.4500,0.4500,0.4500,0.4500,0.4500,0.4500,0.4500,0.4550,0.4600,0.4600,0.4600,0.4600,0.4620,0.4700,0.4700,0.4700,0.4700,0.4700,0.4700,0.4700,0.4700,0.4700,0.4710,0.4750,0.4790,0.4800,0.4800,0.4800,0.4850,0.4870,0.4890,0.4900,0.4900,0.4910,0.5000,0.5000,0.5040,0.5100,0.5100,0.5100,0.5190,0.5250,0.5270,0.5300,0.5300,0.5300,0.5300,0.5350,0.5350,0.5400,0.5400,0.5400,0.5410,0.5430,0.5500,0.5500,0.5500,0.5500,0.5500,0.5500,0.5500,0.5500,0.5500,0.5500,0.5500,0.5500,0.5500,0.5550,0.5550,0.5600,0.5600,0.5600,0.5640,0.5660,0.5700,0.5700,0.5700,0.5740,0.5750,0.5750,0.5800,0.5800,0.5800,0.5800,0.5800,0.5800,0.5800,0.5800,0.5800,0.5850,0.5860,0.5910,0.5960,0.6010,0.6050,0.6050,0.6050,0.6060,0.6100,0.6110,0.6150,0.6200,0.6200,0.6250,0.6300,0.6300,0.6300,0.6300,0.6300,0.6300,0.6370,0.6390,0.6410,0.6500,0.6500,0.6500,0.6500,0.6500,0.6540,0.6540,0.6550,0.6550,0.6570,0.6580,0.6600,0.6610,0.6650,0.6700,0.6750,0.6800,0.6800,0.6850,0.6890,0.6950,0.6950,0.6970,0.7000,0.7050,0.7100,0.7100,0.7150,0.7150,0.7170,0.7250,0.7250,0.7250,0.7300,0.7310,0.7350,0.7350,0.7400,0.7400,0.7400,0.7400,0.7420,0.7450,0.7450,0.7450,0.7460,0.7500,0.7500,0.7550,0.7550,0.7560,0.7600,0.7600,0.7650,0.7700,0.7700,0.7700,0.7700,0.7720,0.7810,0.7850,0.7850,0.7850,0.7900,0.7900,0.7910,0.7920,0.7950,0.7950,0.8000,0.8050,0.8100,0.8140,0.8150,0.8150,0.8250,0.8250,0.8260,0.8260,0.8300,0.8300,0.8300,0.8300,0.8300,0.8300,0.8300,0.8310,0.8350,0.8350,0.8350,0.8380,0.8400,0.8480,0.8500,0.8500,0.8500,0.8500,0.8550,0.8550,0.8550,0.8650,0.8650,0.8650,0.8650,0.8690,0.9050,0.9050,0.9050,0.9100,0.9150,0.9150,0.9150,0.9220,0.9250,0.9300,0.9300,0.9300,0.9300,0.9300,0.9300,0.9300,0.9500,0.9500,0.9500,0.9550,0.9650,0.9850,0.9850,0.9850,0.9850,1.0020,1.0050,1.0050,1.0050,1.0050,1.0050,1.0070,1.0350,1.0410,1.0850,1.1550 SD_VECTOR_END
  CALIBRATION_PENALTY_25: fired 10 time(s), thenFailed 0

