
====================================================================================
ITEM 57 — REAL-BAR REPLAY HARNESS  [run: RUNA]
====================================================================================
  sandbox engine generated: scripts/__sandbox_item57__/signalEngine.replay.ts (9276 lines)
  tape end pinned at: 2026-08-15T06:55:30.000Z (--tape-end)
  real M1 bars loaded: 13831
  window: 2026-08-02T22:00:00.000Z -> 2026-08-14T20:56:00.000Z
  price range: $4019.10 .. $4449.72
  (contrast: runSignalSimulation.ts base price 3034.5 — off by ~$1,200)
  engine loaded, injection hook present.
  sampling: warmup 300 bars, step 10 bars

====================================================================================
REPLAY RESULT (real bars)
====================================================================================
  generation attempts : 1354
  signals emitted     : 0  (0.0%)
  TIER0_UNAVAILABLE   : 0 of 1354 evaluations

  REJECTION REASONS (template-aggregated, top 25):
      905   66.8%  Status: NEUTRAL / STAND DOWN
      901   66.5%  ❌ REJECTED: Winning strength <N> below conviction threshold <N>
        6    0.4%  ❌ REJECTED: Daily market-close break (<N>:<N>-<N>:<N> UTC+<N> / <N>:<N>-<N>:<N> UTC). No signals during this hour. Curre
        4    0.3%  ❌ REJECTED: Strength difference <N> too small (regime RANGING min: <N>)

  WINNING-STRENGTH DISTRIBUTION (every value at the conviction gate):
    n                    : 1348
    conviction min OBSERVED FROM THE ENGINE: 0.55
    min / max            : 0.0000 / 1.1650
    mean                 : 0.4696
    q 5                  : 0.1235
    q10                  : 0.2200
    q25                  : 0.3300
    q50                  : 0.4600
    q75                  : 0.5600
    q90                  : 0.6550
    q95                  : 0.7832
    q99                  : 1.0050
    PASS RATE at 0.55: 447/1348 = 33.2%
  WS_VECTOR_BEGIN 0.0000,0.0000,0.0000,0.0000,0.0000,0.0000,0.0000,0.0000,0.0000,0.0000,0.0500,0.0500,0.0500,0.0500,0.0500,0.0500,0.0500,0.0500,0.0700,0.0700,0.0700,0.0700,0.0700,0.0700,0.0700,0.0700,0.0700,0.0700,0.0700,0.0700,0.0700,0.0700,0.0700,0.0700,0.0700,0.0700,0.0700,0.0700,0.0700,0.0800,0.0800,0.0800,0.0800,0.0800,0.0800,0.0800,0.0800,0.0800,0.0800,0.1200,0.1200,0.1200,0.1200,0.1200,0.1200,0.1200,0.1200,0.1200,0.1200,0.1200,0.1200,0.1200,0.1200,0.1200,0.1200,0.1200,0.1200,0.1200,0.1300,0.1300,0.1500,0.1500,0.1500,0.1800,0.1800,0.1800,0.1800,0.1800,0.1800,0.1800,0.2000,0.2000,0.2000,0.2000,0.2000,0.2000,0.2000,0.2000,0.2000,0.2000,0.2000,0.2000,0.2000,0.2000,0.2000,0.2000,0.2000,0.2000,0.2000,0.2000,0.2000,0.2000,0.2000,0.2000,0.2000,0.2000,0.2000,0.2000,0.2000,0.2000,0.2000,0.2000,0.2000,0.2000,0.2000,0.2000,0.2000,0.2000,0.2000,0.2000,0.2000,0.2200,0.2200,0.2200,0.2200,0.2200,0.2200,0.2200,0.2200,0.2200,0.2200,0.2200,0.2200,0.2200,0.2200,0.2200,0.2200,0.2300,0.2300,0.2300,0.2300,0.2300,0.2300,0.2300,0.2300,0.2300,0.2300,0.2300,0.2300,0.2300,0.2500,0.2500,0.2500,0.2500,0.2500,0.2500,0.2500,0.2500,0.2500,0.2500,0.2500,0.2500,0.2500,0.2500,0.2500,0.2500,0.2500,0.2500,0.2500,0.2500,0.2500,0.2600,0.2700,0.2700,0.2700,0.2700,0.2700,0.2700,0.2700,0.2700,0.2700,0.2700,0.2700,0.2700,0.2800,0.2800,0.2800,0.2800,0.2800,0.2800,0.2800,0.3000,0.3000,0.3000,0.3000,0.3000,0.3000,0.3000,0.3000,0.3000,0.3000,0.3000,0.3000,0.3000,0.3000,0.3000,0.3000,0.3000,0.3000,0.3000,0.3000,0.3000,0.3000,0.3000,0.3000,0.3000,0.3000,0.3000,0.3000,0.3000,0.3000,0.3000,0.3000,0.3000,0.3000,0.3000,0.3000,0.3000,0.3000,0.3000,0.3000,0.3000,0.3000,0.3000,0.3000,0.3000,0.3000,0.3000,0.3000,0.3000,0.3000,0.3000,0.3000,0.3000,0.3000,0.3000,0.3000,0.3000,0.3000,0.3000,0.3000,0.3000,0.3000,0.3000,0.3000,0.3000,0.3000,0.3000,0.3000,0.3000,0.3000,0.3000,0.3000,0.3000,0.3000,0.3000,0.3000,0.3000,0.3000,0.3000,0.3000,0.3000,0.3000,0.3000,0.3000,0.3000,0.3000,0.3000,0.3000,0.3000,0.3000,0.3000,0.3000,0.3000,0.3000,0.3000,0.3000,0.3000,0.3000,0.3000,0.3000,0.3000,0.3000,0.3000,0.3000,0.3000,0.3000,0.3000,0.3000,0.3000,0.3000,0.3000,0.3000,0.3000,0.3000,0.3000,0.3000,0.3000,0.3030,0.3100,0.3100,0.3100,0.3100,0.3100,0.3130,0.3170,0.3200,0.3200,0.3200,0.3200,0.3200,0.3200,0.3200,0.3200,0.3200,0.3200,0.3200,0.3300,0.3300,0.3300,0.3300,0.3300,0.3300,0.3300,0.3300,0.3300,0.3300,0.3300,0.3300,0.3350,0.3350,0.3500,0.3600,0.3700,0.3700,0.3710,0.3730,0.3790,0.3800,0.3800,0.3800,0.3800,0.3800,0.3800,0.3800,0.3800,0.3800,0.3800,0.3800,0.3800,0.3800,0.3800,0.3800,0.3800,0.3800,0.3800,0.3800,0.3800,0.3800,0.3800,0.3800,0.3800,0.3800,0.3800,0.3800,0.3800,0.3800,0.3800,0.3800,0.3800,0.3800,0.3800,0.3800,0.3800,0.3800,0.3800,0.3800,0.3800,0.3800,0.3800,0.3800,0.3800,0.3800,0.3800,0.3800,0.3800,0.3800,0.3800,0.3800,0.3800,0.3800,0.3830,0.3850,0.3950,0.4000,0.4000,0.4000,0.4000,0.4000,0.4000,0.4050,0.4050,0.4100,0.4100,0.4100,0.4100,0.4100,0.4100,0.4100,0.4100,0.4100,0.4100,0.4100,0.4100,0.4100,0.4100,0.4100,0.4100,0.4100,0.4100,0.4100,0.4100,0.4100,0.4100,0.4120,0.4120,0.4120,0.4120,0.4170,0.4170,0.4170,0.4200,0.4210,0.4230,0.4250,0.4300,0.4300,0.4330,0.4330,0.4460,0.4500,0.4500,0.4500,0.4500,0.4500,0.4500,0.4500,0.4500,0.4500,0.4500,0.4500,0.4500,0.4500,0.4500,0.4500,0.4500,0.4500,0.4500,0.4500,0.4500,0.4500,0.4500,0.4500,0.4500,0.4500,0.4500,0.4500,0.4500,0.4500,0.4500,0.4500,0.4500,0.4500,0.4500,0.4500,0.4500,0.4500,0.4500,0.4500,0.4500,0.4500,0.4500,0.4500,0.4500,0.4500,0.4500,0.4500,0.4500,0.4500,0.4500,0.4500,0.4500,0.4500,0.4500,0.4500,0.4500,0.4500,0.4500,0.4500,0.4500,0.4500,0.4500,0.4500,0.4500,0.4500,0.4500,0.4500,0.4500,0.4500,0.4500,0.4500,0.4500,0.4500,0.4500,0.4500,0.4500,0.4500,0.4500,0.4500,0.4500,0.4500,0.4500,0.4500,0.4500,0.4500,0.4500,0.4500,0.4500,0.4500,0.4500,0.4500,0.4500,0.4500,0.4500,0.4500,0.4500,0.4500,0.4500,0.4600,0.4600,0.4600,0.4600,0.4600,0.4600,0.4600,0.4600,0.4600,0.4600,0.4600,0.4600,0.4600,0.4600,0.4600,0.4600,0.4600,0.4600,0.4600,0.4600,0.4600,0.4600,0.4600,0.4600,0.4600,0.4600,0.4600,0.4600,0.4600,0.4600,0.4600,0.4600,0.4600,0.4600,0.4600,0.4600,0.4600,0.4600,0.4600,0.4600,0.4600,0.4600,0.4600,0.4600,0.4600,0.4600,0.4600,0.4600,0.4600,0.4600,0.4600,0.4600,0.4600,0.4600,0.4600,0.4600,0.4600,0.4600,0.4600,0.4600,0.4600,0.4600,0.4600,0.4600,0.4600,0.4600,0.4600,0.4600,0.4600,0.4600,0.4600,0.4600,0.4600,0.4600,0.4600,0.4600,0.4600,0.4600,0.4600,0.4600,0.4600,0.4600,0.4600,0.4600,0.4600,0.4600,0.4600,0.4600,0.4600,0.4600,0.4600,0.4600,0.4600,0.4600,0.4600,0.4600,0.4600,0.4600,0.4600,0.4600,0.4600,0.4600,0.4600,0.4600,0.4600,0.4600,0.4600,0.4600,0.4600,0.4600,0.4600,0.4600,0.4600,0.4600,0.4600,0.4600,0.4600,0.4600,0.4600,0.4600,0.4600,0.4600,0.4600,0.4600,0.4600,0.4600,0.4600,0.4600,0.4600,0.4600,0.4600,0.4600,0.4600,0.4600,0.4600,0.4600,0.4600,0.4600,0.4600,0.4600,0.4600,0.4600,0.4600,0.4600,0.4600,0.4600,0.4600,0.4600,0.4600,0.4600,0.4600,0.4600,0.4600,0.4600,0.4600,0.4700,0.4700,0.4700,0.4700,0.4700,0.4700,0.4700,0.4700,0.4700,0.4700,0.4700,0.4700,0.4700,0.4700,0.4700,0.4700,0.4700,0.4700,0.4700,0.4700,0.4700,0.4710,0.4710,0.4710,0.4800,0.4800,0.4800,0.4800,0.4800,0.4800,0.4800,0.4800,0.4800,0.4800,0.4800,0.4800,0.4820,0.4820,0.4820,0.4820,0.4820,0.4820,0.4820,0.4900,0.4940,0.4950,0.5000,0.5000,0.5000,0.5000,0.5000,0.5000,0.5000,0.5000,0.5000,0.5000,0.5000,0.5000,0.5000,0.5000,0.5000,0.5000,0.5000,0.5160,0.5200,0.5210,0.5230,0.5230,0.5300,0.5300,0.5300,0.5300,0.5300,0.5300,0.5300,0.5300,0.5300,0.5300,0.5300,0.5300,0.5300,0.5300,0.5300,0.5300,0.5300,0.5300,0.5300,0.5300,0.5300,0.5300,0.5300,0.5300,0.5300,0.5300,0.5300,0.5300,0.5300,0.5300,0.5300,0.5300,0.5300,0.5300,0.5300,0.5300,0.5300,0.5300,0.5300,0.5300,0.5300,0.5300,0.5300,0.5300,0.5300,0.5300,0.5300,0.5300,0.5300,0.5300,0.5300,0.5300,0.5300,0.5300,0.5300,0.5300,0.5300,0.5300,0.5300,0.5300,0.5300,0.5300,0.5300,0.5300,0.5300,0.5300,0.5300,0.5300,0.5300,0.5300,0.5300,0.5300,0.5300,0.5300,0.5300,0.5300,0.5300,0.5300,0.5300,0.5300,0.5300,0.5300,0.5300,0.5300,0.5300,0.5300,0.5300,0.5300,0.5300,0.5300,0.5300,0.5300,0.5300,0.5300,0.5300,0.5300,0.5300,0.5300,0.5300,0.5300,0.5300,0.5300,0.5300,0.5300,0.5300,0.5300,0.5300,0.5300,0.5300,0.5300,0.5300,0.5300,0.5300,0.5300,0.5330,0.5350,0.5350,0.5350,0.5350,0.5350,0.5350,0.5350,0.5350,0.5350,0.5350,0.5350,0.5350,0.5350,0.5420,0.5450,0.5500,0.5500,0.5500,0.5500,0.5500,0.5500,0.5500,0.5500,0.5500,0.5500,0.5500,0.5500,0.5500,0.5500,0.5500,0.5500,0.5500,0.5500,0.5500,0.5500,0.5500,0.5500,0.5500,0.5500,0.5500,0.5500,0.5500,0.5500,0.5500,0.5500,0.5500,0.5500,0.5500,0.5500,0.5500,0.5500,0.5500,0.5500,0.5500,0.5500,0.5500,0.5500,0.5500,0.5500,0.5500,0.5500,0.5500,0.5500,0.5500,0.5500,0.5500,0.5500,0.5500,0.5500,0.5500,0.5500,0.5500,0.5500,0.5500,0.5500,0.5500,0.5500,0.5500,0.5500,0.5500,0.5500,0.5500,0.5500,0.5500,0.5500,0.5500,0.5500,0.5550,0.5600,0.5600,0.5600,0.5600,0.5600,0.5600,0.5600,0.5600,0.5600,0.5600,0.5600,0.5600,0.5600,0.5600,0.5600,0.5600,0.5600,0.5600,0.5600,0.5600,0.5600,0.5600,0.5600,0.5600,0.5600,0.5600,0.5600,0.5600,0.5600,0.5600,0.5600,0.5600,0.5600,0.5600,0.5600,0.5600,0.5600,0.5600,0.5700,0.5700,0.5700,0.5700,0.5700,0.5700,0.5700,0.5700,0.5700,0.5700,0.5700,0.5700,0.5700,0.5700,0.5700,0.5700,0.5700,0.5700,0.5700,0.5700,0.5750,0.5800,0.5800,0.5800,0.5800,0.5800,0.5800,0.5800,0.5800,0.5800,0.5800,0.5800,0.5800,0.5800,0.5800,0.5800,0.5800,0.5800,0.5800,0.5800,0.5800,0.5800,0.5800,0.5800,0.5800,0.5800,0.5800,0.5800,0.5800,0.5800,0.5800,0.5800,0.5800,0.5800,0.5800,0.5800,0.5800,0.5800,0.5800,0.5800,0.5800,0.5800,0.5800,0.5800,0.5800,0.5800,0.5800,0.5800,0.5800,0.5800,0.5800,0.5800,0.5800,0.5800,0.5800,0.5800,0.5800,0.5800,0.5800,0.5800,0.5800,0.5800,0.5800,0.5800,0.5800,0.5800,0.5800,0.5800,0.5800,0.5800,0.5800,0.5800,0.5800,0.5800,0.5800,0.5850,0.5920,0.6000,0.6030,0.6050,0.6050,0.6120,0.6130,0.6230,0.6250,0.6300,0.6300,0.6300,0.6300,0.6300,0.6300,0.6300,0.6300,0.6300,0.6300,0.6300,0.6300,0.6300,0.6300,0.6300,0.6300,0.6300,0.6300,0.6300,0.6300,0.6300,0.6300,0.6300,0.6300,0.6300,0.6300,0.6300,0.6300,0.6300,0.6300,0.6300,0.6300,0.6300,0.6300,0.6300,0.6300,0.6300,0.6300,0.6300,0.6300,0.6300,0.6300,0.6300,0.6300,0.6300,0.6300,0.6300,0.6300,0.6300,0.6300,0.6300,0.6300,0.6300,0.6300,0.6300,0.6300,0.6300,0.6300,0.6300,0.6350,0.6350,0.6350,0.6350,0.6400,0.6400,0.6400,0.6500,0.6500,0.6500,0.6500,0.6500,0.6500,0.6500,0.6500,0.6500,0.6500,0.6500,0.6500,0.6500,0.6500,0.6500,0.6500,0.6500,0.6500,0.6500,0.6500,0.6500,0.6500,0.6500,0.6500,0.6540,0.6550,0.6550,0.6550,0.6550,0.6550,0.6550,0.6550,0.6550,0.6550,0.6550,0.6550,0.6550,0.6590,0.6600,0.6600,0.6620,0.6700,0.6750,0.6750,0.6750,0.6800,0.6800,0.6800,0.6820,0.6840,0.6850,0.7000,0.7050,0.7050,0.7050,0.7050,0.7050,0.7050,0.7050,0.7070,0.7100,0.7100,0.7150,0.7150,0.7150,0.7150,0.7150,0.7150,0.7150,0.7150,0.7170,0.7250,0.7250,0.7350,0.7350,0.7370,0.7410,0.7420,0.7420,0.7500,0.7530,0.7530,0.7550,0.7550,0.7550,0.7550,0.7550,0.7550,0.7560,0.7560,0.7600,0.7600,0.7650,0.7650,0.7650,0.7730,0.7800,0.7850,0.7950,0.8100,0.8210,0.8300,0.8330,0.8350,0.8350,0.8350,0.8350,0.8400,0.8400,0.8420,0.8420,0.8500,0.8570,0.8620,0.8670,0.8670,0.8750,0.8950,0.9050,0.9050,0.9050,0.9050,0.9050,0.9050,0.9100,0.9100,0.9150,0.9150,0.9150,0.9150,0.9250,0.9300,0.9300,0.9300,0.9350,0.9350,0.9350,0.9370,0.9550,0.9550,0.9600,0.9600,0.9720,0.9780,0.9920,0.9970,1.0050,1.0050,1.0050,1.0050,1.0050,1.0050,1.0100,1.0150,1.0150,1.0150,1.0150,1.0250,1.0250,1.0250,1.0250,1.0850,1.0850,1.0850,1.1650 WS_VECTOR_END
  WS_UNSORTED_BEGIN 0.3000,0.4500,0.5500,0.6700,0.5500,0.3500,0.3800,0.3800,0.4500,0.4500,0.4500,0.5300,0.4300,0.2200,0.5500,0.4500,0.4500,0.5700,0.2200,0.1200,0.8570,0.4500,0.2500,0.3730,0.2000,0.3790,0.4700,0.7560,0.4500,0.4820,0.4820,0.4820,0.4820,0.5000,0.4820,0.9780,0.6820,0.4820,0.4820,0.6590,0.5300,0.5420,0.3800,0.6230,0.5000,0.3800,0.4800,0.6300,0.5300,0.5800,0.4600,0.5600,0.4100,0.9920,0.8670,0.8670,0.7170,0.3170,0.4170,0.9370,0.5300,0.7370,0.5500,0.4170,0.4170,0.6500,0.5300,0.5300,0.5800,0.5800,0.5800,0.5300,0.2700,0.2700,0.3200,0.2800,0.1200,0.3200,0.2000,0.2000,0.2000,0.1800,0.0500,0.1800,0.0000,0.1800,0.2000,0.0000,0.0000,0.0500,0.5500,0.3300,0.1500,0.2200,0.2200,0.4700,0.5500,0.5300,0.5300,0.3000,0.3000,0.4000,0.5300,0.5800,0.4600,0.5600,0.2300,0.5800,0.7050,0.4100,0.1800,0.2000,0.2700,0.0700,0.0700,0.0700,0.0000,0.0700,0.2000,0.2000,0.2200,0.3000,0.5300,0.5300,0.4100,0.3300,0.4700,0.5500,0.5700,0.4500,0.2300,0.3000,0.5500,0.5700,0.4500,0.5200,0.5300,0.6500,0.3800,0.3800,0.3800,0.0700,0.3000,0.4500,0.5500,0.4500,0.1800,0.3000,0.5500,0.6300,0.5300,0.3300,0.3800,0.4800,0.4500,0.2500,0.0500,0.3800,0.5000,0.3000,0.5500,0.0000,0.1500,0.5700,0.2000,0.5000,0.2500,0.3800,0.4800,0.6300,0.3800,0.2500,0.2200,0.5500,0.5500,0.3000,0.3800,0.2000,0.5300,0.5300,0.5800,0.4600,0.6400,0.6400,0.6400,0.0700,0.1800,0.4500,0.5500,0.4700,0.5500,0.3000,0.5300,0.5300,0.4600,0.5600,0.4250,0.6300,0.4950,0.6250,0.3950,0.4600,0.5500,0.5450,0.6500,0.5300,0.5800,0.4600,0.0800,0.1300,0.5800,0.4600,0.4330,0.6130,0.3830,0.3130,0.5300,0.4330,0.5800,0.4600,0.5800,0.5330,0.6300,0.5300,0.6300,0.4600,0.4600,0.4100,0.3000,0.3000,0.4500,0.4500,0.4700,0.4500,0.5300,0.3800,0.5000,0.7150,0.7150,0.7150,0.7150,0.7150,0.7950,0.8950,0.7150,0.7150,0.8750,0.3800,0.5000,0.2500,0.5500,0.4000,0.2200,0.5500,0.6300,0.5300,0.6300,0.4600,0.4600,0.3800,0.3000,0.5500,0.5500,0.4500,0.4500,0.5500,0.6300,0.5300,0.2000,0.3000,0.3000,0.4000,0.3200,0.3000,0.3000,0.3000,0.3000,0.3000,0.4000,0.2000,0.5800,0.5800,0.2300,0.2300,0.2300,0.4500,0.4600,0.4600,0.4600,0.5600,0.5600,0.5600,0.3000,0.3000,0.2000,0.3000,0.5300,0.5210,0.4210,0.8210,0.7410,0.4710,0.4710,0.4710,0.4600,0.3710,0.5600,0.4100,0.5920,0.4120,0.4120,0.4120,0.7420,0.6120,0.6620,0.8420,0.8620,0.7420,0.8420,0.5500,0.3800,0.3800,0.5000,0.3800,0.2200,0.4700,0.3000,0.3000,0.3000,0.3000,0.3000,0.3000,0.3000,0.5300,0.4600,0.4600,0.5800,0.4100,0.5600,0.4600,0.5600,0.5800,0.4500,0.3000,0.3000,0.4200,0.3000,0.5300,0.3000,0.3800,0.3000,0.2000,0.4600,0.3800,0.3300,0.1200,0.2800,0.2700,0.3100,0.3300,0.1200,0.2800,0.1200,0.0800,0.6300,0.5300,0.5300,0.6300,0.3000,0.5300,0.5300,0.6500,0.4600,0.4600,0.5800,0.1200,0.1200,0.4500,0.4500,0.4500,0.4500,0.4500,0.4500,0.4500,0.3800,0.3800,0.5000,0.0700,0.0700,0.2700,0.4700,0.4700,0.6300,0.3000,0.3000,0.3800,0.5300,0.5800,0.3000,0.5300,0.4500,0.3000,0.5300,0.5800,0.4600,0.4600,0.4600,0.5800,0.4800,0.5800,0.4600,0.3000,0.3000,0.4700,0.4500,0.4700,0.5500,0.6300,0.5300,0.5300,0.5300,0.4600,0.4600,0.4600,0.4600,0.4600,0.4600,0.4600,0.5600,0.4600,0.3000,0.3000,0.2000,0.2300,0.2300,0.6300,0.5300,0.5300,0.4600,0.3000,0.3000,0.2500,0.2300,0.2000,0.3000,0.4700,0.5700,0.4500,0.6300,0.5300,0.6300,0.6300,0.5300,0.4600,0.5800,0.5300,0.0700,0.1200,0.3200,0.4500,0.5500,0.5700,0.4500,0.0500,0.4500,0.5700,0.5300,0.5300,0.5800,0.4500,0.5600,0.2200,0.0700,0.6300,0.5500,0.4500,0.5300,0.4100,0.2200,0.5500,0.5700,0.6300,0.7500,0.5300,0.5300,0.7100,0.7100,0.2500,0.2500,0.5500,0.5300,0.3000,0.5300,0.3000,0.5300,0.5300,0.4600,0.4600,0.4600,0.4600,0.0800,0.0800,0.0800,0.2200,0.5500,0.5700,0.4500,0.5700,0.1800,0.2000,0.2200,0.5500,0.3000,0.5500,0.5300,0.1500,0.3000,0.2500,0.2300,0.3800,0.4500,0.5700,0.7560,0.3300,0.4300,0.2500,0.3800,0.2000,0.4800,0.5500,0.6300,0.4500,0.4500,0.6300,0.6500,0.3300,0.0700,0.3700,0.4700,0.6300,0.4000,0.3000,0.2700,0.0700,0.4700,0.5500,0.5300,0.6300,0.5300,0.4600,0.4600,0.2700,0.4600,0.4600,0.4600,0.4800,0.9350,0.6300,0.6300,0.5300,0.4600,0.4600,0.5800,0.4600,0.4600,0.4600,0.4600,0.4500,0.6500,0.6500,0.3000,0.3000,0.5300,0.3800,0.3800,0.3000,0.4600,0.4600,0.4600,0.4600,0.2500,0.4600,0.5600,0.5600,0.4600,0.4500,0.5300,0.5300,0.5800,0.4600,0.4600,0.5800,0.4500,0.6300,0.4600,0.4600,0.5800,0.5600,0.5600,0.4600,0.4800,0.4600,0.4600,0.4600,0.5800,0.4600,0.4100,0.3000,0.2000,0.3000,0.6800,0.5300,0.5300,0.4600,0.5600,0.5600,0.4600,0.4100,0.3000,0.2800,0.3100,0.2600,0.3000,0.3200,0.0800,0.3800,0.6300,0.5800,0.3300,0.1200,0.0700,0.2700,0.3700,0.4500,0.4500,0.5500,0.5300,0.6500,0.3800,0.3800,0.3800,0.2000,0.3000,0.2700,0.4800,0.0000,0.2000,0.5600,0.2200,0.5500,0.5500,0.5300,0.5300,0.5000,0.3800,0.2700,0.3000,0.2000,0.3200,0.4460,0.2300,0.5850,0.3800,0.5000,0.0000,0.2000,0.4500,0.5500,0.4500,0.2000,0.2500,0.8300,0.3200,0.5550,0.5500,0.5500,0.5700,0.4500,0.3000,0.3000,0.2000,0.5300,0.5300,0.7070,0.5800,0.4600,0.2500,0.6840,0.3100,0.9350,0.4600,0.4100,0.3000,0.6540,0.1200,0.5350,0.5500,0.4700,0.8500,0.4500,0.4500,0.5300,0.9100,0.3800,0.9550,0.5500,0.3000,0.5300,0.5300,0.5160,0.4600,1.0150,0.3000,1.0050,0.4600,0.4600,0.4600,0.4600,0.4600,0.5800,0.5800,0.4100,0.2700,0.2200,0.5500,0.4500,0.4500,0.6550,0.4500,0.4500,0.5500,0.4500,0.9050,0.3800,0.5000,0.8350,0.4800,1.0850,0.3000,0.5300,0.5350,0.4600,0.4600,0.5600,0.5800,0.5600,0.5600,0.4600,0.4600,0.5800,0.4940,0.0700,0.1200,0.2000,0.2200,0.6300,0.5300,0.2800,0.4700,0.6300,0.5300,0.5300,0.6500,0.5300,0.6500,0.5300,0.6300,0.3000,0.3000,0.2000,0.4600,0.4600,0.4600,0.4600,0.4600,0.4600,0.5600,0.5600,0.4600,0.4600,0.5800,0.4600,0.6800,0.3000,1.0850,0.2000,0.3000,0.7600,0.3000,0.3000,0.5000,0.5800,0.5800,0.4600,0.5600,0.5800,0.4600,0.5800,0.4600,0.4600,0.9600,0.7650,0.7650,0.7650,0.5800,0.4600,0.4600,1.0150,1.0150,0.6850,0.8350,0.3000,0.3000,0.3000,0.5300,0.3300,0.4600,0.4600,0.5500,0.4600,0.2000,0.5300,0.6500,0.5300,0.4600,0.6300,0.2200,0.2000,0.5700,0.3200,0.2700,0.1200,0.6550,0.0500,0.6550,0.6300,0.2300,0.4500,0.5500,0.5500,0.6500,0.3000,0.3000,0.3000,0.3000,0.5300,0.7350,0.5300,0.3000,0.6500,0.5800,0.5800,0.4900,0.5600,0.5800,0.4600,0.4600,0.4600,0.5800,0.4100,0.5750,0.9300,0.9050,0.5700,1.0250,0.9050,1.0250,0.4500,0.3800,0.8350,0.8350,0.9350,0.5500,0.5500,0.4500,0.3000,0.3000,0.5300,0.5300,0.5800,0.4600,0.4600,0.6800,0.4600,0.4600,0.9550,0.8400,0.5800,0.8400,0.9150,0.4100,0.9150,0.4230,0.6030,0.5230,0.7530,0.7530,0.5600,0.7550,0.7000,0.3030,0.5230,0.7730,0.8330,0.5300,0.5300,0.5300,0.4600,0.5000,0.7050,0.0700,0.0700,0.2500,0.2500,0.4800,0.5500,0.6300,0.3000,0.3000,0.6500,0.5800,0.5350,0.7050,0.4600,0.5600,0.6550,0.7050,0.2500,0.2000,0.6550,0.5800,0.6550,0.1200,0.0000,0.2000,0.7550,0.9300,1.0050,1.0050,1.0250,0.3300,0.5500,0.5350,0.6350,0.1200,0.0700,0.5350,0.2000,0.5800,1.0050,0.6300,0.5300,0.6500,0.9050,0.6300,0.3000,0.6500,0.5300,1.0100,0.6600,0.3000,0.3000,0.4600,0.3000,0.3000,0.4000,0.4600,0.5800,0.4600,0.4100,0.2500,0.1200,0.5500,0.5500,0.5350,0.5350,0.6550,0.0500,0.0500,0.4500,0.5500,0.4700,0.5300,0.5300,0.5300,0.4600,0.3800,0.6750,0.9250,0.5500,0.4500,0.4500,1.0850,0.6300,0.5300,0.5300,0.4600,0.4600,0.5800,0.4600,0.2000,0.3800,0.3000,0.5300,0.6550,0.4600,0.5800,0.5800,0.5600,0.5600,0.5350,0.6050,0.3000,0.3000,0.4500,0.4500,0.1200,0.0000,0.2000,0.5500,0.5500,0.4500,0.4500,0.6300,0.4500,0.5700,0.6500,0.9720,0.9970,0.4120,0.6300,0.6300,0.4500,0.5300,0.6350,0.4050,0.6550,0.9150,0.4050,0.3350,0.9150,1.0150,1.1650,0.3850,0.3350,0.5350,0.6550,0.5500,0.5500,0.5300,0.6600,0.6500,0.5800,0.4600,0.5600,0.4600,0.7050,0.2500,0.3000,0.4500,0.4500,0.4500,0.4500,0.5350,0.3800,0.3800,0.0700,0.2500,0.1200,0.5500,0.4500,0.4500,0.4500,0.9050,0.6300,0.3000,0.6300,0.5300,0.4600,0.7050,0.3000,0.3000,0.5500,0.4500,0.5500,0.3000,0.3000,0.3800,0.3000,0.5300,0.4800,0.4600,0.4100,0.6000,0.3200,0.1200,0.4700,0.4500,0.4500,0.4500,0.5300,0.6500,0.5300,0.5800,0.4600,0.4600,0.5000,0.4600,0.5600,0.6300,0.6300,0.7350,0.5350,0.4600,0.5350,0.6500,0.4100,0.6750,0.0700,0.5500,0.5500,0.5500,0.3000,0.6500,0.2000,0.5300,0.4600,0.4600,0.4600,0.5800,0.4600,0.4600,0.4100,0.0800,0.5600,0.5300,0.6500,0.5800,0.5800,0.6300,0.6300,0.6350,0.7050,0.3000,0.6550,0.3200,0.5700,0.5500,0.5500,0.4500,0.9050,0.9300,1.0050,1.0250,0.6300,0.6300,0.6300,0.6500,0.9100,0.4600,0.4600,0.3000,0.2000,0.2300,0.0700,0.2500,0.0000,1.0050,0.3000,0.5300,0.4100,0.2800,0.5500,0.4700,0.4500,0.3000,0.4600,0.5300,0.7150,0.7800,0.8100,0.2300,0.6300,0.6300,0.5800,0.5800,0.5300,0.6300,0.3000,0.5300,0.5800,0.4600,0.0800,0.6750,0.5300,0.2500,0.3100,0.6300,0.5300,0.5300,0.4100,0.4600,0.4600,0.4600,0.4600,0.5600,0.5500,0.5300,0.4600,0.4600,0.7550,0.3000,0.3200,0.4500,0.4700,0.4500,0.3300,0.3800,0.4500,0.4500,0.4500,0.3800,0.4500,0.3000,0.4700,0.5500,0.4500,0.5300,0.6500,0.4500,0.6300,0.3000,0.5300,0.5300,0.4600,0.5800,0.4600,0.4600,0.5800,0.4600,0.4600,0.5800,0.3000,0.3000,0.4500,0.4500,0.5700,0.1200,0.4500,0.4500,0.3800,0.0500,0.2000,0.2000,0.5500,0.6300,0.3300,0.3600,0.4700,0.5500,0.4500,0.5700,0.3800,0.5500,0.6300,0.5800,0.3800,0.5000,0.3800,0.6300,0.3000,0.5300,0.5300,0.4600,0.4600,0.4600,0.4600,0.5600,0.5800,0.4600,0.5600,0.4600,0.5600,0.5800,0.4600,0.4100,0.2800,0.5800,0.2000,0.0700,0.5600,0.6300,0.3000,0.3000,0.7550,0.7600,0.7550,0.7550,0.5300,0.4600,0.9600,0.4600,0.4600,0.5700,0.6300,0.5800,0.5800,0.5800,0.5800,0.4600,0.4100,0.3000,0.7850,0.3100,0.0800,0.0800,0.1300,0.5600,0.5800,0.5800,0.4100,0.3000,0.2000,0.5350,0.4500,0.4500,0.4500,0.5700,0.4500,0.5500,0.3800,0.3800,0.3800,0.3800,0.3000,0.4500,0.6300,0.6550,0.6350,0.7250,0.3800,0.5000,0.3800,0.4800,0.5000,0.5800,0.7250,0.6050 WS_UNSORTED_END
  SD_VECTOR_BEGIN 0.0000,0.0000,0.0000,0.0000,0.0000,0.0000,0.0000,0.0000,0.0000,0.0000,0.0000,0.0000,0.0000,0.0000,0.0000,0.0030,0.0080,0.0090,0.0100,0.0100,0.0100,0.0100,0.0100,0.0100,0.0100,0.0100,0.0100,0.0100,0.0100,0.0110,0.0110,0.0150,0.0160,0.0180,0.0200,0.0200,0.0200,0.0200,0.0200,0.0200,0.0200,0.0200,0.0200,0.0230,0.0300,0.0300,0.0320,0.0330,0.0350,0.0350,0.0400,0.0400,0.0400,0.0400,0.0400,0.0400,0.0400,0.0400,0.0400,0.0400,0.0400,0.0480,0.0500,0.0500,0.0500,0.0500,0.0500,0.0500,0.0500,0.0500,0.0500,0.0500,0.0500,0.0500,0.0500,0.0500,0.0500,0.0530,0.0600,0.0600,0.0600,0.0600,0.0600,0.0600,0.0600,0.0610,0.0650,0.0680,0.0700,0.0700,0.0700,0.0700,0.0700,0.0700,0.0700,0.0700,0.0700,0.0700,0.0700,0.0700,0.0700,0.0700,0.0700,0.0700,0.0700,0.0700,0.0700,0.0700,0.0700,0.0700,0.0800,0.0800,0.0800,0.0800,0.0800,0.0800,0.0800,0.0800,0.0800,0.0800,0.0870,0.0890,0.0900,0.1000,0.1000,0.1000,0.1000,0.1000,0.1000,0.1000,0.1000,0.1000,0.1000,0.1000,0.1000,0.1020,0.1050,0.1100,0.1100,0.1100,0.1100,0.1100,0.1100,0.1100,0.1100,0.1100,0.1100,0.1100,0.1170,0.1170,0.1170,0.1200,0.1200,0.1200,0.1200,0.1200,0.1200,0.1200,0.1200,0.1200,0.1200,0.1200,0.1200,0.1200,0.1200,0.1200,0.1200,0.1200,0.1200,0.1200,0.1200,0.1200,0.1200,0.1200,0.1210,0.1250,0.1250,0.1300,0.1300,0.1300,0.1300,0.1300,0.1300,0.1300,0.1300,0.1300,0.1300,0.1300,0.1300,0.1300,0.1300,0.1300,0.1300,0.1320,0.1330,0.1350,0.1350,0.1400,0.1400,0.1400,0.1420,0.1470,0.1480,0.1500,0.1500,0.1500,0.1500,0.1500,0.1500,0.1500,0.1500,0.1500,0.1500,0.1500,0.1530,0.1550,0.1550,0.1550,0.1550,0.1550,0.1550,0.1600,0.1600,0.1600,0.1600,0.1600,0.1600,0.1600,0.1600,0.1600,0.1650,0.1650,0.1650,0.1700,0.1700,0.1700,0.1700,0.1700,0.1800,0.1800,0.1800,0.1800,0.1800,0.1800,0.1800,0.1800,0.1800,0.1800,0.1800,0.1800,0.1850,0.1890,0.1900,0.1900,0.1900,0.1900,0.1900,0.1900,0.1900,0.1900,0.1900,0.1900,0.1900,0.1900,0.1970,0.2000,0.2000,0.2000,0.2000,0.2000,0.2000,0.2000,0.2000,0.2000,0.2000,0.2000,0.2000,0.2000,0.2000,0.2000,0.2000,0.2000,0.2000,0.2000,0.2000,0.2000,0.2000,0.2000,0.2000,0.2000,0.2000,0.2000,0.2000,0.2000,0.2000,0.2000,0.2000,0.2000,0.2000,0.2000,0.2000,0.2000,0.2000,0.2000,0.2000,0.2000,0.2000,0.2000,0.2000,0.2000,0.2000,0.2000,0.2000,0.2000,0.2000,0.2000,0.2000,0.2000,0.2000,0.2000,0.2000,0.2000,0.2000,0.2000,0.2000,0.2000,0.2000,0.2000,0.2000,0.2000,0.2000,0.2000,0.2000,0.2000,0.2000,0.2000,0.2000,0.2000,0.2000,0.2000,0.2000,0.2000,0.2000,0.2000,0.2000,0.2000,0.2000,0.2000,0.2000,0.2000,0.2000,0.2000,0.2000,0.2000,0.2050,0.2050,0.2070,0.2070,0.2100,0.2100,0.2100,0.2100,0.2100,0.2100,0.2100,0.2100,0.2100,0.2100,0.2100,0.2100,0.2130,0.2150,0.2170,0.2170,0.2200,0.2200,0.2200,0.2200,0.2200,0.2200,0.2200,0.2200,0.2200,0.2200,0.2200,0.2200,0.2200,0.2200,0.2200,0.2200,0.2200,0.2200,0.2200,0.2200,0.2200,0.2200,0.2250,0.2300,0.2300,0.2300,0.2300,0.2300,0.2300,0.2300,0.2300,0.2300,0.2300,0.2300,0.2300,0.2300,0.2300,0.2300,0.2300,0.2300,0.2300,0.2300,0.2300,0.2300,0.2300,0.2300,0.2330,0.2350,0.2400,0.2400,0.2400,0.2400,0.2400,0.2400,0.2400,0.2400,0.2400,0.2400,0.2400,0.2400,0.2400,0.2400,0.2400,0.2400,0.2400,0.2400,0.2400,0.2400,0.2400,0.2400,0.2500,0.2500,0.2500,0.2500,0.2500,0.2500,0.2500,0.2500,0.2500,0.2500,0.2500,0.2500,0.2500,0.2500,0.2500,0.2520,0.2550,0.2570,0.2590,0.2600,0.2600,0.2600,0.2600,0.2600,0.2600,0.2600,0.2600,0.2600,0.2600,0.2600,0.2600,0.2600,0.2660,0.2670,0.2670,0.2700,0.2700,0.2700,0.2700,0.2700,0.2700,0.2700,0.2700,0.2700,0.2700,0.2700,0.2700,0.2700,0.2700,0.2700,0.2700,0.2700,0.2700,0.2700,0.2700,0.2700,0.2700,0.2700,0.2700,0.2700,0.2700,0.2700,0.2700,0.2700,0.2700,0.2700,0.2700,0.2750,0.2750,0.2800,0.2800,0.2800,0.2800,0.2800,0.2800,0.2800,0.2800,0.2800,0.2800,0.2800,0.2800,0.2800,0.2810,0.2820,0.2820,0.2850,0.2850,0.2880,0.2880,0.2900,0.2900,0.2900,0.2900,0.2900,0.2900,0.2900,0.2900,0.2900,0.2900,0.2900,0.2900,0.2900,0.2900,0.2900,0.2900,0.2900,0.2900,0.2900,0.2900,0.2900,0.2900,0.2900,0.2900,0.2900,0.2900,0.2900,0.2900,0.2900,0.2900,0.2900,0.2910,0.2950,0.3000,0.3000,0.3000,0.3000,0.3000,0.3000,0.3000,0.3000,0.3000,0.3000,0.3000,0.3000,0.3000,0.3000,0.3000,0.3000,0.3000,0.3000,0.3000,0.3000,0.3000,0.3000,0.3000,0.3000,0.3000,0.3000,0.3000,0.3000,0.3000,0.3000,0.3050,0.3080,0.3100,0.3100,0.3100,0.3100,0.3100,0.3100,0.3100,0.3100,0.3100,0.3100,0.3100,0.3100,0.3200,0.3200,0.3200,0.3200,0.3200,0.3200,0.3200,0.3200,0.3200,0.3210,0.3250,0.3250,0.3250,0.3300,0.3300,0.3300,0.3300,0.3300,0.3300,0.3300,0.3300,0.3300,0.3300,0.3300,0.3300,0.3300,0.3300,0.3300,0.3300,0.3300,0.3300,0.3300,0.3300,0.3300,0.3300,0.3300,0.3300,0.3300,0.3300,0.3300,0.3300,0.3300,0.3300,0.3300,0.3300,0.3300,0.3300,0.3300,0.3300,0.3300,0.3300,0.3300,0.3300,0.3320,0.3320,0.3350,0.3350,0.3400,0.3400,0.3400,0.3400,0.3400,0.3400,0.3400,0.3400,0.3400,0.3400,0.3400,0.3400,0.3400,0.3400,0.3400,0.3400,0.3400,0.3400,0.3400,0.3400,0.3430,0.3500,0.3500,0.3500,0.3500,0.3500,0.3500,0.3500,0.3500,0.3500,0.3500,0.3500,0.3500,0.3500,0.3500,0.3500,0.3500,0.3500,0.3500,0.3500,0.3500,0.3500,0.3500,0.3500,0.3500,0.3500,0.3500,0.3500,0.3500,0.3500,0.3500,0.3500,0.3550,0.3550,0.3560,0.3600,0.3600,0.3600,0.3600,0.3600,0.3600,0.3600,0.3600,0.3600,0.3600,0.3600,0.3600,0.3600,0.3600,0.3600,0.3620,0.3700,0.3700,0.3700,0.3700,0.3700,0.3700,0.3700,0.3700,0.3700,0.3700,0.3700,0.3700,0.3700,0.3700,0.3700,0.3700,0.3700,0.3730,0.3750,0.3750,0.3800,0.3800,0.3800,0.3800,0.3800,0.3800,0.3800,0.3800,0.3800,0.3800,0.3800,0.3800,0.3800,0.3800,0.3800,0.3800,0.3800,0.3800,0.3800,0.3800,0.3800,0.3800,0.3800,0.3800,0.3800,0.3800,0.3800,0.3800,0.3800,0.3800,0.3800,0.3800,0.3900,0.3900,0.3900,0.3900,0.3900,0.3900,0.3900,0.3900,0.3900,0.3900,0.3900,0.3900,0.3900,0.3900,0.3900,0.3900,0.3900,0.3900,0.3900,0.3900,0.3900,0.3900,0.3900,0.3900,0.3900,0.3900,0.3900,0.3900,0.3900,0.3900,0.3900,0.3900,0.3900,0.3900,0.3900,0.3900,0.3900,0.3970,0.4000,0.4050,0.4100,0.4100,0.4100,0.4100,0.4100,0.4100,0.4100,0.4100,0.4100,0.4150,0.4230,0.4230,0.4300,0.4300,0.4300,0.4300,0.4300,0.4300,0.4300,0.4300,0.4300,0.4300,0.4300,0.4300,0.4300,0.4300,0.4300,0.4300,0.4300,0.4300,0.4300,0.4300,0.4300,0.4300,0.4320,0.4350,0.4400,0.4420,0.4430,0.4500,0.4500,0.4500,0.4500,0.4500,0.4500,0.4500,0.4500,0.4500,0.4500,0.4500,0.4500,0.4500,0.4500,0.4500,0.4500,0.4500,0.4500,0.4500,0.4500,0.4500,0.4500,0.4500,0.4500,0.4500,0.4500,0.4500,0.4500,0.4500,0.4500,0.4500,0.4500,0.4500,0.4500,0.4500,0.4500,0.4500,0.4500,0.4500,0.4500,0.4500,0.4500,0.4500,0.4500,0.4500,0.4500,0.4500,0.4500,0.4500,0.4500,0.4500,0.4500,0.4500,0.4500,0.4500,0.4500,0.4500,0.4500,0.4500,0.4500,0.4500,0.4500,0.4500,0.4500,0.4500,0.4500,0.4500,0.4500,0.4500,0.4500,0.4500,0.4500,0.4500,0.4500,0.4500,0.4500,0.4500,0.4500,0.4500,0.4500,0.4500,0.4520,0.4540,0.4600,0.4600,0.4600,0.4600,0.4600,0.4600,0.4600,0.4600,0.4600,0.4600,0.4600,0.4600,0.4600,0.4600,0.4600,0.4600,0.4600,0.4600,0.4600,0.4600,0.4600,0.4600,0.4600,0.4600,0.4600,0.4600,0.4600,0.4600,0.4600,0.4600,0.4600,0.4600,0.4600,0.4600,0.4600,0.4600,0.4600,0.4600,0.4600,0.4600,0.4650,0.4650,0.4650,0.4700,0.4700,0.4700,0.4700,0.4700,0.4700,0.4700,0.4700,0.4700,0.4700,0.4700,0.4700,0.4800,0.4800,0.4800,0.4800,0.4800,0.4800,0.4800,0.4800,0.4800,0.4800,0.4800,0.4800,0.4800,0.4800,0.4800,0.4820,0.4850,0.4900,0.4900,0.4900,0.4900,0.4900,0.4900,0.4900,0.4900,0.4940,0.4950,0.5000,0.5000,0.5000,0.5000,0.5000,0.5000,0.5000,0.5000,0.5000,0.5000,0.5000,0.5100,0.5100,0.5100,0.5100,0.5100,0.5100,0.5100,0.5100,0.5100,0.5100,0.5100,0.5100,0.5100,0.5100,0.5100,0.5100,0.5100,0.5100,0.5100,0.5100,0.5100,0.5100,0.5100,0.5100,0.5100,0.5100,0.5100,0.5100,0.5100,0.5120,0.5200,0.5200,0.5300,0.5300,0.5300,0.5300,0.5300,0.5300,0.5300,0.5300,0.5300,0.5300,0.5300,0.5300,0.5300,0.5300,0.5300,0.5300,0.5300,0.5300,0.5300,0.5300,0.5300,0.5300,0.5300,0.5300,0.5300,0.5300,0.5300,0.5300,0.5300,0.5300,0.5300,0.5300,0.5300,0.5300,0.5300,0.5300,0.5300,0.5300,0.5300,0.5300,0.5300,0.5300,0.5300,0.5300,0.5300,0.5300,0.5300,0.5300,0.5300,0.5300,0.5300,0.5300,0.5300,0.5300,0.5300,0.5300,0.5300,0.5300,0.5300,0.5300,0.5300,0.5300,0.5300,0.5300,0.5300,0.5300,0.5300,0.5300,0.5300,0.5350,0.5350,0.5350,0.5350,0.5350,0.5450,0.5500,0.5500,0.5500,0.5500,0.5500,0.5500,0.5500,0.5500,0.5500,0.5500,0.5500,0.5500,0.5500,0.5500,0.5500,0.5500,0.5500,0.5500,0.5500,0.5500,0.5500,0.5500,0.5500,0.5500,0.5500,0.5500,0.5500,0.5500,0.5500,0.5550,0.5550,0.5590,0.5600,0.5600,0.5600,0.5600,0.5600,0.5600,0.5600,0.5600,0.5600,0.5620,0.5650,0.5670,0.5700,0.5700,0.5700,0.5700,0.5700,0.5700,0.5700,0.5700,0.5700,0.5700,0.5700,0.5700,0.5700,0.5800,0.5800,0.5800,0.5800,0.5800,0.5800,0.5800,0.5800,0.5800,0.5800,0.5800,0.5800,0.5800,0.5800,0.5800,0.5800,0.5800,0.5800,0.5850,0.5850,0.5870,0.5900,0.5950,0.5950,0.6030,0.6100,0.6120,0.6130,0.6150,0.6150,0.6150,0.6220,0.6300,0.6300,0.6300,0.6300,0.6300,0.6300,0.6330,0.6500,0.6500,0.6500,0.6500,0.6500,0.6500,0.6500,0.6530,0.6540,0.6550,0.6550,0.6550,0.6550,0.6550,0.6550,0.6550,0.6550,0.6600,0.6650,0.6650,0.6700,0.6730,0.6750,0.6750,0.6750,0.6820,0.6840,0.6870,0.6910,0.6950,0.7050,0.7100,0.7120,0.7150,0.7150,0.7150,0.7150,0.7200,0.7250,0.7330,0.7350,0.7350,0.7420,0.7420,0.7500,0.7550,0.7550,0.7570,0.7600,0.7620,0.7650,0.7800,0.7850,0.7850,0.7900,0.7950,0.7950,0.7950,0.8050,0.8050,0.8050,0.8100,0.8150,0.8150,0.8250,0.8300,0.8300,0.8350,0.8350,0.8350,0.8400,0.8500,0.8500,0.8770,0.8900,0.8920,0.9050,0.9050,0.9050,0.9050,0.9050,0.9050,0.9050,0.9100,0.9100,0.9150,0.9250,0.9250,0.9450,0.9550,0.9780,0.9850,0.9850,1.0050,1.0150,1.0150,1.0250,1.0250,1.0650,1.0850 SD_VECTOR_END
  CALIBRATION_PENALTY_25: fired 13 time(s), thenFailed 0

